4
22
3
111
1
1118
11
66
482
955
133
188
527
887
1026
15
68
1045
1020
1230
1173
290
660
1948
97
881
134
610
125
5
94
982
1369
80
520
39
127
1911
72
680
656
33
1509
126
113
2038
387
1066
1868
153
26
2122
1805
1202
564
29
1275
393
425
50
144
1831
175
1925
73
154
110
1063
1468
1923
71
429
1671
2079
1706
90
783
2181
394
366
95
88
17
1485
661
19
753
1880
876
1972
167
1322
904
1504
182
1645
196
1787
1119
1875
1167
42
283
13
30
1249
1277
1622
1885
1751
192
137
794
1679
1091
78
258
1947
850
2092
1140
923
1158
176
1166
20
164
1001
279
449
864
1029
875
2062
702
570
334
1643
2149
376
162
1693
1293
1747
1299
973
108
179
1329
999
341
1883
1410
1002
365
2201
1479
187
903
1996
768
2046
920
10
1530
2095
1618
70
1619
149
1278
858
1824
1553
190
2226
531
2229
1905
198
2219
862
1632
201
557
202
591
207
1951
215
846
216
1527
888
161
891
1657
228
1730
231
1794
905
1858
28
106
259
1938
947
2007
949
803
23
38
956
1519
971
1535
281
1592
979
518
46
55
286
530
75
1710
298
1737
305
57
318
174
320
1856
1042
581
324
592
1056
1901
48
659
337
62
1079
185
138
2036
355
792
357
817
1121
848
1125
2207
1138
473
360
1521
1147
477
1148
1551
143
1554
49
1616
146
500
381
1628
1198
1640
1200
521
24
96
1213
1689
392
553
1244
1727
150
1733
1250
1739
1251
558
51
1793
395
1803
401
1818
1283
578
1290
1857
403
1859
420
1873
1304
1878
1308
1881
53
621
157
1903
1342
58
1361
178
430
1946
1375
31
438
1958
1443
2
1467
2017
444
117
1473
2059
1475
123
1477
811
158
2135
1481
2170
1482
2197
458
2202
1486
2217
1488
856
461
2230
859
860